                  Open        High         Low       Close     Volume  Dividends  Stock Splits
Date                                                                                          
1980-12-12    0.101073    0.101512    0.101073    0.101073  469033600        0.0           0.0
1980-12-15    0.096239    0.096239    0.095800    0.095800  175884800        0.0           0.0
1980-12-16    0.089208    0.089208    0.088768    0.088768  105728000        0.0           0.0
1980-12-17    0.090965    0.091405    0.090965    0.090965   86441600        0.0           0.0
1980-12-18    0.093603    0.094042    0.093603    0.093603   73449600        0.0           0.0
...                ...         ...         ...         ...        ...        ...           ...
2021-01-27  143.429993  144.300003  140.410004  142.059998  140843800        0.0           0.0
2021-01-28  139.520004  141.990005  136.699997  137.089996  142621100        0.0           0.0
2021-01-29  135.830002  136.740005  130.210007  131.960007  177180600        0.0           0.0
2021-02-01  133.750000  135.380005  130.929993  134.139999  106239800        0.0           0.0
2021-02-02  135.729996  136.300003  134.610001  134.990005   79426446        0.0           0.0

[10120 rows x 7 columns]
